Nome,gm_h,gm_t,gs_h,gs_t,avg_gm_h,avg_gm_t,avg_gs_h,avg_gs_t
Arsenal,47,25,23,14,2.47,1.32,1.21,0.74
Aston Villa,23,24,28,41,1.21,1.26,1.47,2.16
Chelsea,41,34,16,23,2.16,1.79,0.84,1.21
Everton,33,22,17,23,1.74,1.16,0.89,1.21
Fulham,28,22,30,30,1.47,1.16,1.58,1.58
Liverpool,33,38,16,27,1.74,2.0,0.84,1.42
Man City,41,25,15,19,2.16,1.32,0.79,1.0
Man United,45,41,19,24,2.37,2.16,1.0,1.26
Newcastle,24,21,31,37,1.26,1.11,1.63,1.95
Norwich,25,16,20,38,1.32,0.84,1.05,2.0
QPR,13,17,28,32,0.68,0.89,1.47,1.68
Reading,23,20,33,40,1.21,1.05,1.74,2.11
Southampton,26,23,24,36,1.37,1.21,1.26,1.89
Stoke,21,13,22,23,1.11,0.68,1.16,1.21
Sunderland,20,21,19,35,1.05,1.11,1.0,1.84
Swansea,28,19,26,25,1.47,1.0,1.37,1.32
Tottenham,29,37,18,28,1.53,1.95,0.95,1.47
West Brom,32,21,25,32,1.68,1.11,1.32,1.68
West Ham,34,11,22,31,1.79,0.58,1.16,1.63
Wigan,26,21,39,34,1.37,1.11,2.05,1.79
